[gd_scene load_steps=13 format=2]

[ext_resource path="res://asset/kenney/spacekit2/rocket_topA.glb" type="PackedScene" id=1]
[ext_resource path="res://asset/kenney/spacekit2/rocket_fuelA.glb" type="PackedScene" id=2]
[ext_resource path="res://asset/kenney/spacekit2/rocket_sidesA.glb" type="PackedScene" id=3]
[ext_resource path="res://asset/kenney/spacekit2/rocket_sidesB.glb" type="PackedScene" id=4]
[ext_resource path="res://asset/kenney/spacekit2/rocket_fuelB.glb" type="PackedScene" id=5]
[ext_resource path="res://asset/kenney/spacekit2/dark.material" type="Material" id=6]
[ext_resource path="res://asset/kenney/spacekit2/metalRed.material" type="Material" id=7]
[ext_resource path="res://asset/kenney/spacekit2/metalDark.material" type="Material" id=8]
[ext_resource path="res://object/SolarArm.tscn" type="PackedScene" id=9]

[sub_resource type="CylinderMesh" id=4]
top_radius = 0.538
bottom_radius = 0.375
height = 0.25
radial_segments = 8

[sub_resource type="CubeMesh" id=2]
size = Vector3( 0.125, 0.125, 1.25 )

[sub_resource type="CubeMesh" id=3]
size = Vector3( 0.5, 0.125, 0.25 )

[node name="SolarArray" type="Spatial"]
transform = Transform( 0.5, 0, 0, 0, 0.5, 0, 0, 0, 0.5, 0, 0, 0 )

[node name="rocket_topA" parent="." instance=ExtResource( 1 )]
transform = Transform( 1, 0, 0, 0, 1, 0, 0, 0, 1, -1, 4.85, -0.5 )

[node name="MeshInstance" type="MeshInstance" parent="rocket_topA"]
transform = Transform( 0.923879, 0, 0.382683, 0, 1, 0, -0.382683, 0, 0.923879, 2, -3.625, 1.5 )
mesh = SubResource( 4 )
material/0 = ExtResource( 6 )

[node name="rocket_sidesB" parent="rocket_topA" instance=ExtResource( 4 )]
transform = Transform( 1, 0, 0, 0, 1, 0, 0, 0, 1, 0, -1, 0 )

[node name="SolarArm" parent="rocket_topA/rocket_sidesB" instance=ExtResource( 9 )]
transform = Transform( -2.18557e-08, 0.468914, -0.17355, 0, 0.17355, 0.468914, 0.5, 2.04969e-08, -7.5861e-09, 2, 0.25, 2.115 )

[node name="SolarArm2" parent="rocket_topA/rocket_sidesB" instance=ExtResource( 9 )]
transform = Transform( -2.18557e-08, 0.468914, 0.17355, 0, 0.17355, -0.468914, -0.5, -2.04969e-08, -7.5861e-09, 2, 0.25, 0.885 )

[node name="rocket_sidesA" parent="rocket_topA" instance=ExtResource( 3 )]
transform = Transform( 1, 0, 0, 0, 1, 0, 0, 0, 1, 0, -2, 0 )

[node name="rocket_fuelB" parent="rocket_topA" instance=ExtResource( 5 )]
transform = Transform( 1, 0, 0, 0, 1, 0, 0, 0, 1, 0, -3.5, 0 )

[node name="rocket_fuelA" parent="rocket_topA" instance=ExtResource( 2 )]
transform = Transform( 1, 0, 0, 0, 1, 0, 0, 0, 1, 0, -2.5, 0 )

[node name="rocket_sidesA5" parent="rocket_topA" instance=ExtResource( 3 )]
transform = Transform( 1, 0, 0, 0, 1, 0, 0, 0, 1, -0.6, -3.75, 0.6 )

[node name="rocket_fuelA2" parent="rocket_topA/rocket_sidesA5" instance=ExtResource( 2 )]
transform = Transform( 1, 0, 0, 0, 1, 0, 0, 0, 1, 0, -0.5, 0 )

[node name="rocket_topA" parent="rocket_topA/rocket_sidesA5" instance=ExtResource( 1 )]
transform = Transform( 1, 0, 0, 0, 1, 0, 0, 0, 1, 0, 1, 0 )

[node name="MeshInstance" type="MeshInstance" parent="rocket_topA/rocket_sidesA5"]
transform = Transform( 0.923879, 0, 0.382683, 0, 1, 0, -0.382683, 0, 0.923879, 2, -0.627, 1.5 )
mesh = SubResource( 4 )
material/0 = ExtResource( 6 )

[node name="MeshInstance2" type="MeshInstance" parent="rocket_topA/rocket_sidesA5"]
transform = Transform( -0.707107, -0.664463, 0.241845, 0, 0.34202, 0.939693, -0.707107, 0.664463, -0.241845, 1.55, -0.317, 1.975 )
mesh = SubResource( 2 )
material/0 = ExtResource( 8 )

[node name="MeshInstance3" type="MeshInstance" parent="rocket_topA/rocket_sidesA5/MeshInstance2"]
transform = Transform( 1, 0, 0, 0, 0.939693, -0.34202, 0, 0.34202, 0.939693, 0, -0.136748, -0.236855 )
mesh = SubResource( 2 )
material/0 = ExtResource( 8 )

[node name="MeshInstance4" type="MeshInstance" parent="rocket_topA/rocket_sidesA5/MeshInstance2"]
transform = Transform( -5.96046e-08, 0, -1, -0.939693, 0.34202, 2.98023e-08, 0.34202, 0.939693, -1.49012e-08, 0.0176777, 0.0895919, -0.839256 )
mesh = SubResource( 3 )
material/0 = ExtResource( 7 )

[node name="rocket_sidesA7" parent="rocket_topA" instance=ExtResource( 3 )]
transform = Transform( 1, 0, 0, 0, 1, 0, 0, 0, 1, 0.6, -3.75, 0.6 )

[node name="rocket_fuelA2" parent="rocket_topA/rocket_sidesA7" instance=ExtResource( 2 )]
transform = Transform( 1, 0, 0, 0, 1, 0, 0, 0, 1, 0, -0.5, 0 )

[node name="rocket_topA" parent="rocket_topA/rocket_sidesA7" instance=ExtResource( 1 )]
transform = Transform( 1, 0, 0, 0, 1, 0, 0, 0, 1, 0, 1, 0 )

[node name="MeshInstance" type="MeshInstance" parent="rocket_topA/rocket_sidesA7"]
transform = Transform( 0.923879, 0, 0.382683, 0, 1, 0, -0.382683, 0, 0.923879, 2, -0.627, 1.5 )
mesh = SubResource( 4 )
material/0 = ExtResource( 6 )

[node name="MeshInstance2" type="MeshInstance" parent="rocket_topA/rocket_sidesA7"]
transform = Transform( -0.707107, 0.664463, -0.241845, 0, 0.34202, 0.939693, 0.707107, 0.664463, -0.241845, 2.45, -0.317, 1.975 )
mesh = SubResource( 2 )
material/0 = ExtResource( 8 )

[node name="MeshInstance3" type="MeshInstance" parent="rocket_topA/rocket_sidesA7/MeshInstance2"]
transform = Transform( 1, 0, 0, 0, 0.939693, -0.34202, 0, 0.34202, 0.939693, 0, -0.136748, -0.236855 )
mesh = SubResource( 2 )
material/0 = ExtResource( 8 )

[node name="MeshInstance4" type="MeshInstance" parent="rocket_topA/rocket_sidesA7/MeshInstance2"]
transform = Transform( -5.96046e-08, 0, -1, -0.939693, 0.34202, 2.98023e-08, 0.34202, 0.939693, -1.49012e-08, 0.0176777, 0.0895919, -0.839256 )
mesh = SubResource( 3 )
material/0 = ExtResource( 7 )

[node name="rocket_sidesA8" parent="rocket_topA" instance=ExtResource( 3 )]
transform = Transform( 1, 0, 0, 0, 1, 0, 0, 0, 1, 0.6, -3.75, -0.6 )

[node name="rocket_fuelA2" parent="rocket_topA/rocket_sidesA8" instance=ExtResource( 2 )]
transform = Transform( 1, 0, 0, 0, 1, 0, 0, 0, 1, 0, -0.5, 0 )

[node name="rocket_topA" parent="rocket_topA/rocket_sidesA8" instance=ExtResource( 1 )]
transform = Transform( 1, 0, 0, 0, 1, 0, 0, 0, 1, 0, 1, 0 )

[node name="MeshInstance" type="MeshInstance" parent="rocket_topA/rocket_sidesA8"]
transform = Transform( 0.923879, 0, 0.382683, 0, 1, 0, -0.382683, 0, 0.923879, 2, -0.627, 1.5 )
mesh = SubResource( 4 )
material/0 = ExtResource( 6 )

[node name="MeshInstance2" type="MeshInstance" parent="rocket_topA/rocket_sidesA8"]
transform = Transform( 0.707107, 0.664463, -0.241845, 0, 0.34202, 0.939693, 0.707107, -0.664463, 0.241845, 2.45, -0.317, 1.025 )
mesh = SubResource( 2 )
material/0 = ExtResource( 8 )

[node name="MeshInstance3" type="MeshInstance" parent="rocket_topA/rocket_sidesA8/MeshInstance2"]
transform = Transform( 1, 0, 0, 0, 0.939693, -0.34202, 0, 0.34202, 0.939693, 0, -0.136748, -0.236855 )
mesh = SubResource( 2 )
material/0 = ExtResource( 8 )

[node name="MeshInstance4" type="MeshInstance" parent="rocket_topA/rocket_sidesA8/MeshInstance2"]
transform = Transform( -5.96046e-08, 0, -1, -0.939693, 0.34202, 2.98023e-08, 0.34202, 0.939693, -1.49012e-08, 0.0176777, 0.0895919, -0.839256 )
mesh = SubResource( 3 )
material/0 = ExtResource( 7 )

[node name="rocket_sidesA6" parent="rocket_topA" instance=ExtResource( 3 )]
transform = Transform( 1, 0, 0, 0, 1, 0, 0, 0, 1, -0.6, -3.75, -0.6 )

[node name="rocket_fuelA2" parent="rocket_topA/rocket_sidesA6" instance=ExtResource( 2 )]
transform = Transform( 1, 0, 0, 0, 1, 0, 0, 0, 1, 0, -0.5, 0 )

[node name="rocket_topA" parent="rocket_topA/rocket_sidesA6" instance=ExtResource( 1 )]
transform = Transform( 1, 0, 0, 0, 1, 0, 0, 0, 1, 0, 1, 0 )

[node name="MeshInstance" type="MeshInstance" parent="rocket_topA/rocket_sidesA6"]
transform = Transform( 0.923879, 0, 0.382683, 0, 1, 0, -0.382683, 0, 0.923879, 2, -0.627, 1.5 )
mesh = SubResource( 4 )
material/0 = ExtResource( 6 )

[node name="MeshInstance2" type="MeshInstance" parent="rocket_topA/rocket_sidesA6"]
transform = Transform( 0.707107, -0.664463, 0.241845, 0, 0.34202, 0.939693, -0.707107, -0.664463, 0.241845, 1.55, -0.317, 1.025 )
mesh = SubResource( 2 )
material/0 = ExtResource( 8 )

[node name="MeshInstance3" type="MeshInstance" parent="rocket_topA/rocket_sidesA6/MeshInstance2"]
transform = Transform( 1, 0, 0, 0, 0.939693, -0.34202, 0, 0.34202, 0.939693, 0, -0.136748, -0.236855 )
mesh = SubResource( 2 )
material/0 = ExtResource( 8 )

[node name="MeshInstance4" type="MeshInstance" parent="rocket_topA/rocket_sidesA6/MeshInstance2"]
transform = Transform( -5.96046e-08, 0, -1, -0.939693, 0.34202, 2.98023e-08, 0.34202, 0.939693, -1.49012e-08, 0.0176777, 0.0895919, -0.839256 )
mesh = SubResource( 3 )
material/0 = ExtResource( 7 )
